nLocations = 3;
nCities = 11;
nTypes = 5;
posCities = [ [2 4] [3 0] [2 3] [1 1] [0 1] [1 0] [5 1] [0 5] [3 5] [5 3] [2 2] ];
posLocations = [ [4 1] [0 5] [0 4] ];
p = [ 5 6 4 2 2 3 7 3 7 9 10 ];
d_city = [ 6.69998492849518 3.053361700158587 4.0004012220887235 4.960656346139186 4.56595173886015 ];
cap = [ 24 19 16 17 18 ];
cost = [ 35 64 32 33 63 ];
d_center = 0.5346343333655468;
