nLocations = 17;
nCities = 47;
nTypes = 5;
posCities = [ [3 0] [4 13] [10 8] [1 9] [11 10] [5 12] [10 6] [6 6] [0 7] [3 8] [12 11] [11 2] [8 3] [6 12] [9 7] [10 9] [3 5] [3 8] [9 5] [3 6] [4 9] [5 11] [8 2] [7 5] [1 1] [1 0] [5 2] [13 0] [4 0] [1 10] [4 13] [4 0] [2 0] [1 2] [2 6] [11 0] [8 8] [0 0] [3 1] [9 8] [10 5] [9 5] [5 10] [1 1] [5 4] [6 0] [5 5] ];
posLocations = [ [8 9] [3 9] [6 3] [5 11] [7 1] [4 10] [8 11] [4 8] [0 7] [9 12] [6 12] [9 13] [7 7] [8 4] [8 13] [5 10] [2 1] ];
p = [ 7 8 3 4 2 3 3 3 10 9 4 5 4 4 7 6 9 2 5 7 8 6 6 1 10 1 2 10 4 7 5 4 6 9 1 7 7 4 9 6 9 7 6 6 2 1 1 ];
d_city = [ 8.98807136843304 9.398748107785813 8.443043734929445 17.802723017584064 19.073447159671463 ];
cap = [ 18 15 12 13 15 ];
cost = [ 55 50 47 46 87 ];
d_center = 0.895762368084572;
