nLocations = 9;
nCities = 33;
nTypes = 7;
posCities = [ [7 7] [5 1] [5 0] [9 4] [1 3] [5 1] [0 5] [5 3] [6 4] [1 3] [2 5] [9 5] [6 6] [3 6] [2 3] [0 7] [3 5] [4 3] [6 1] [3 4] [8 0] [4 5] [1 1] [3 1] [4 5] [9 3] [5 6] [3 3] [1 5] [8 2] [1 8] [4 4] [2 8] ];
posLocations = [ [2 7] [7 1] [5 2] [6 8] [5 5] [2 1] [6 7] [2 2] [4 6] ];
p = [ 7 4 8 10 3 7 10 8 9 2 10 5 6 8 5 3 6 9 7 1 1 9 4 10 1 3 3 6 4 5 10 9 8 ];
d_city = [ 8.02883268733886 7.657401128905093 7.5938276292416225 8.6901343356537 5.548000192202273 7.171367597894132 8.587326768546928 ];
cap = [ 17 28 25 23 24 18 25 ];
cost = [ 75 54 26 46 49 61 33 ];
d_center = 0.9045114313958449;
