nLocations = 14;
nCities = 43;
nTypes = 6;
posCities = [ [11 0] [10 10] [11 5] [4 3] [3 4] [9 3] [3 7] [2 4] [9 2] [8 0] [9 3] [4 7] [1 9] [4 2] [11 3] [8 11] [3 0] [3 9] [6 1] [0 9] [10 10] [0 7] [5 8] [9 4] [6 11] [3 4] [11 11] [3 9] [8 1] [2 2] [5 10] [11 2] [8 7] [10 9] [3 0] [0 8] [0 4] [6 11] [9 3] [4 6] [7 11] [7 7] [8 1] ];
posLocations = [ [0 7] [3 6] [6 0] [1 3] [1 5] [2 3] [2 6] [10 2] [8 7] [9 3] [8 9] [6 9] [10 5] [3 10] ];
p = [ 5 8 8 2 6 3 8 1 8 6 10 6 8 9 10 9 2 10 8 1 6 5 3 6 8 3 5 6 9 3 7 3 9 10 1 1 3 4 10 3 6 2 8 ];
d_city = [ 14.317830220696006 7.736156948474273 6.512834357972018 15.186574928949462 4.562326423593391 11.789457888607817 ];
cap = [ 20 17 18 22 19 18 ];
cost = [ 47 41 58 55 36 50 ];
d_center = 0.9178878701951328;
