nLocations = 33;
nCities = 92;
nTypes = 4;
posCities = [ [18 15] [13 4] [18 5] [6 19] [8 17] [7 5] [14 0] [5 16] [0 7] [2 16] [18 6] [18 2] [12 9] [11 12] [2 16] [10 9] [8 1] [18 15] [13 12] [18 5] [16 3] [5 10] [6 2] [15 12] [7 10] [11 1] [10 11] [12 9] [3 18] [10 9] [17 14] [2 9] [14 18] [0 9] [13 17] [9 2] [15 6] [10 18] [9 0] [18 19] [1 14] [12 9] [12 1] [19 10] [4 5] [4 1] [1 14] [9 1] [12 12] [2 3] [15 17] [3 4] [0 12] [16 5] [1 17] [5 16] [17 16] [5 9] [4 1] [11 2] [17 13] [2 6] [18 3] [19 7] [19 18] [1 6] [16 8] [11 7] [11 4] [2 8] [3 2] [5 5] [6 4] [2 7] [1 14] [6 5] [5 15] [13 15] [9 14] [7 1] [19 7] [8 18] [11 5] [19 15] [14 3] [19 19] [2 18] [0 13] [11 15] [4 8] [16 0] [17 10] ];
posLocations = [ [2 2] [5 3] [17 4] [8 10] [8 12] [17 7] [18 6] [16 2] [11 3] [13 14] [10 12] [14 11] [2 4] [19 9] [5 0] [2 10] [7 4] [2 6] [8 8] [4 4] [9 1] [1 12] [16 19] [16 1] [16 9] [15 3] [19 7] [18 0] [5 8] [3 4] [0 4] [19 5] [15 5] ];
p = [ 5 6 7 6 4 7 2 2 6 4 1 9 7 2 3 4 6 7 7 2 2 7 2 1 8 2 10 5 2 5 7 7 7 2 10 9 6 1 6 3 3 9 1 2 6 1 10 6 1 4 4 9 9 1 2 7 2 2 10 8 2 3 8 4 1 6 10 1 4 9 2 8 7 8 9 2 2 5 1 1 8 1 6 10 3 5 2 9 9 10 10 6 ];
d_city = [ 13.285597805854295 10.348972682250984 13.03728129918574 17.04749708982733 ];
cap = [ 16 17 12 16 ];
cost = [ 59 48 70 41 ];
d_center = 0.8725820622853134;
