nLocations = 46;
nCities = 159;
nTypes = 7;
posCities = [ [8 1] [15 22] [4 3] [2 14] [18 14] [15 16] [21 9] [2 3] [16 14] [0 13] [4 18] [7 15] [22 18] [0 20] [0 13] [12 2] [19 8] [23 19] [22 11] [18 6] [5 22] [10 13] [13 10] [10 4] [0 1] [13 12] [20 2] [15 22] [11 17] [15 14] [23 9] [2 18] [3 5] [9 21] [0 12] [4 5] [5 8] [12 9] [2 7] [8 3] [11 8] [7 11] [13 20] [21 11] [14 3] [19 13] [0 16] [4 9] [18 2] [8 19] [16 1] [23 14] [19 3] [3 0] [12 14] [7 8] [16 4] [13 11] [1 1] [10 3] [9 8] [7 18] [4 21] [0 1] [5 15] [13 0] [20 13] [0 0] [13 9] [15 13] [19 12] [9 3] [19 17] [2 18] [0 21] [14 7] [10 15] [21 19] [1 16] [8 1] [3 7] [19 7] [9 8] [16 3] [11 9] [0 12] [15 1] [0 17] [1 11] [20 19] [22 15] [18 4] [4 9] [15 13] [19 11] [13 15] [15 7] [21 0] [18 4] [16 10] [22 23] [8 7] [11 1] [15 11] [10 2] [22 21] [20 21] [12 14] [8 6] [20 2] [7 3] [14 4] [16 8] [20 11] [0 9] [22 9] [14 10] [7 19] [12 8] [15 22] [3 14] [22 15] [8 10] [15 19] [23 5] [2 2] [18 13] [23 2] [12 2] [19 0] [23 2] [8 1] [8 5] [22 13] [4 13] [23 4] [9 14] [13 14] [1 16] [11 2] [15 10] [20 14] [10 20] [10 18] [0 21] [12 9] [7 15] [5 17] [11 7] [1 8] [6 7] [9 16] [14 16] [8 3] [10 15] [21 17] [10 9] [1 11] [9 11] ];
posLocations = [ [18 5] [22 16] [2 8] [16 16] [10 6] [16 10] [11 15] [18 12] [9 16] [16 1] [10 0] [5 8] [12 10] [11 17] [11 1] [17 16] [1 21] [19 12] [15 9] [20 6] [13 1] [16 7] [22 15] [0 20] [21 7] [0 18] [21 16] [2 16] [17 3] [20 13] [17 11] [18 0] [10 2] [19 6] [6 10] [8 19] [11 18] [4 12] [14 2] [12 16] [9 9] [10 22] [5 19] [6 13] [1 4] [6 23] ];
p = [ 2 5 5 9 7 2 2 5 6 4 10 4 2 9 6 4 6 1 6 10 8 4 4 2 10 2 10 7 7 7 5 8 7 8 8 10 10 3 8 5 6 6 6 8 3 10 4 6 6 7 2 1 8 1 10 9 10 6 9 5 9 3 10 2 3 6 5 5 7 6 4 9 4 2 4 10 1 10 10 5 9 1 8 7 8 1 10 7 2 2 4 7 3 8 1 2 10 3 5 2 7 5 8 8 5 9 10 10 7 1 2 5 6 10 6 10 5 6 9 5 7 8 2 7 4 9 10 8 8 6 5 9 4 9 10 1 5 2 10 7 1 1 6 5 4 9 5 6 3 2 8 9 1 9 5 5 10 3 1 ];
d_city = [ 7.662127993730671 16.52003791476248 10.259761627979803 16.03834295780758 3.5788355235717404 20.054616182952778 24.364757080622848 ];
cap = [ 16 21 25 22 20 28 24 ];
cost = [ 51 17 32 39 40 28 69 ];
d_center = 1.3743155004202485;
