nLocations = 6;
nCities = 22;
nTypes = 7;
posCities = [ [2 3] [2 2] [4 2] [7 1] [7 0] [3 6] [2 3] [7 1] [2 6] [6 7] [2 1] [4 1] [7 5] [1 0] [6 2] [0 5] [5 7] [6 0] [2 7] [0 0] [3 7] [6 0] ];
posLocations = [ [1 6] [1 2] [0 4] [0 3] [3 4] [6 3] ];
p = [ 9 5 7 5 7 2 4 3 9 8 4 2 9 2 1 4 10 3 5 3 10 2 ];
d_city = [ 3.0089105479986236 7.701387133442351 4.460926671627563 4.468284818064786 5.077001475342552 3.998816818538165 6.445950247234584 ];
cap = [ 25 20 21 19 21 14 14 ];
cost = [ 46 48 43 42 52 47 59 ];
d_center = 0.5585640748452334;
