nLocations = 10;
nCities = 20;
nTypes = 12;
posCities = [ [6 2] [2 3] [1 1] [2 2] [5 0] [3 1] [6 6] [1 3] [0 2] [3 5] [4 3] [0 3] [4 5] [5 3] [2 5] [1 5] [5 2] [3 2] [3 0] [2 0] ];
posLocations = [ [5 0] [0 6] [1 2] [5 3] [2 6] [3 3] [1 4] [4 2] [4 0] [4 6] ];
p = [ 9 2 1 2 5 5 7 9 5 6 9 8 5 1 1 0 4 2 3 8 ];
d_city = [ 2.3443100132247516 1.3966931790831079 1.6867582896997695 3.899545648626056 2.937386083094458 1.5569550004608073 2.2256572065143483 1.858936642645339 1.3914530365856255 2.2763495085558763 1.276362930335233 2.065735058290884 ];
cap = [ 29 12 20 38 20 28 18 40 30 15 24 21 ];
cost = [ 28 21 26 30 29 37 27 22 24 20 27 17 ];
d_center = 0.9760704902045814;
