nLocations = 38;
nCities = 87;
nTypes = 38;
posCities = [ [10 11] [8 3] [3 6] [0 11] [6 4] [9 4] [8 10] [10 4] [9 5] [4 11] [2 5] [3 5] [9 0] [7 1] [10 8] [2 6] [1 6] [5 1] [4 9] [9 9] [7 0] [10 10] [9 1] [5 7] [1 11] [11 0] [9 3] [5 6] [1 0] [0 10] [2 9] [10 9] [6 10] [4 2] [4 5] [7 8] [5 0] [1 8] [3 8] [10 0] [5 4] [4 6] [9 8] [4 3] [11 6] [8 5] [7 3] [8 0] [6 3] [6 1] [1 5] [7 4] [8 8] [11 5] [11 7] [4 0] [6 11] [3 9] [0 4] [6 8] [7 10] [8 9] [2 8] [3 1] [8 1] [4 4] [5 3] [3 11] [2 1] [2 7] [3 7] [6 6] [6 5] [4 10] [11 11] [11 3] [10 5] [8 7] [9 7] [5 8] [10 3] [1 1] [3 4] [7 9] [1 3] [9 10] [6 0] ];
posLocations = [ [3 4] [7 2] [7 11] [11 11] [7 8] [0 8] [6 9] [10 9] [6 10] [9 10] [9 5] [1 3] [6 7] [5 2] [1 8] [2 10] [0 9] [5 1] [3 3] [0 0] [9 1] [9 3] [10 10] [5 5] [8 7] [0 4] [3 2] [9 4] [5 10] [6 1] [2 4] [11 1] [5 11] [10 6] [11 3] [3 7] [9 11] [2 7] ];
p = [ 10 6 0 9 9 0 6 4 0 1 7 10 8 5 0 6 7 0 8 6 3 1 3 9 2 8 4 2 7 6 10 0 6 3 9 7 5 3 7 10 7 6 5 9 0 7 10 9 0 9 6 7 0 6 7 2 2 1 8 1 9 3 7 1 1 1 6 8 1 5 7 8 7 5 8 8 3 5 9 6 6 0 7 7 6 1 9 ];
d_city = [ 6.920875958909349 4.831908103966547 2.7492410816633237 4.438691277363498 5.821809828873599 3.6394108794552316 4.710375908052705 3.1757199597476284 4.514649614821035 4.068758291486842 3.1628896388863135 3.059936237305815 2.992899604481887 4.303289279964457 4.022285861042254 4.7785773648921035 3.249009013627891 3.799249805027924 5.4577843285795655 3.544217013663966 3.9831057759780943 3.660198917633222 3.956894533668001 4.912738752804371 2.1544273994567176 4.195706839801952 4.004729778433503 3.3142280045808916 3.0516203640142545 4.494432478480883 1.7365565160836063 3.9064830477438504 5.090903871834845 4.545804788990989 6.218852213689407 2.566279634999087 4.414906906559068 4.027161588234581 ];
cap = [ 21 25 29 30 35 26 1 33 15 33 29 20 35 28 26 36 23 17 20 19 36 26 34 29 38 8 16 19 16 27 26 32 22 38 20 15 33 45 ];
cost = [ 27 32 9 25 25 31 24 27 26 28 20 26 26 18 41 30 31 33 18 26 30 32 25 35 27 35 28 30 29 38 29 28 34 32 24 8 31 27 ];
d_center = 1.1941945078214613;
