nLocations = 21;
nCities = 38;
nTypes = 16;
posCities = [ [7 6] [0 2] [2 0] [5 4] [1 4] [7 4] [7 5] [4 2] [3 4] [2 3] [6 0] [4 5] [5 3] [7 3] [1 5] [4 4] [5 0] [6 6] [2 6] [3 6] [1 1] [2 5] [0 3] [7 1] [3 2] [4 0] [0 1] [6 5] [0 5] [6 7] [0 0] [1 2] [6 4] [0 6] [4 3] [1 3] [2 2] [3 5] ];
posLocations = [ [0 5] [0 2] [2 2] [3 0] [5 4] [7 7] [4 2] [2 0] [0 6] [1 2] [2 3] [3 2] [2 7] [0 4] [6 2] [6 1] [3 1] [3 3] [7 2] [2 6] [4 3] ];
p = [ 10 4 2 2 1 4 10 5 5 1 2 8 10 2 4 3 5 3 1 7 4 7 8 4 9 4 7 3 5 5 2 3 3 8 10 10 2 0 ];
d_city = [ 3.0550065917786178 3.59556835930536 2.6364400873703127 2.985615064063895 2.801036611350447 2.1349581444706436 0.5239755477438603 3.0227636895411174 3.2517740008072646 3.3031821431956345 2.514525430047963 2.1715902597392587 2.128892420411863 2.3521591924834166 2.0066892530731386 2.5825154861637944e-2 ];
cap = [ 17 25 20 35 15 23 25 19 22 23 27 20 30 17 28 19 ];
cost = [ 21 26 20 21 14 29 27 14 29 28 37 19 31 23 22 30 ];
d_center = 0.6868808085957507;
